sample_id,generated_text
local_001,"
The first draft of the query was based on the following assumptions:

"
local_002,"
The last update is a complete rewrite of the codebase. The codebase"
long_001,"
The following system code names are used in the opening evidence:

C"
long_002,"
The secret validation phrase was first used in the first paragraph of the document."
